29443212
24217142
23540517
22250337
21753495
21611661
21812849
21729240
21635970
21737772
21607781
21417691
21776011
21652564
21903344
21959191
21098598
21814578
21888612
21633978
21769202
21768053
21965553
21715519
21788278
21669568
22175126
21798106
21770056
21767787
21717848
21705402
22450045
21840686
21723226
21726214
21694664
21728663
21811593
21618513
21728257
21966757
21743386
21561510
21597243
21696164
21827422
21678910
21567047
21767637
20938879
21765484
21765486
21763742
21418913
21692123
21774228
21656616
21951026
21562492
21655264
21263421
21880172
21762989
21510218
21618728
21762275
21846468
21590544
22434143
21759712
21680946
21748555
22204163
22582975
21350841
21980869
21779635
22119690
21622964
21859341
21431921
21540407
21880330
21635339
21527260
21583751
21707621
21447124
21572895
21189176
21700421
21925288
21474961
21487046
21619527
21831608
21853808
21860889
21570952
21756995
21595745
21735326
21805897
21795982
21731317
21743026
21786145
21636010
21804783
21390977
21728021
21742209
21750704
21655972
21790432
21788994
21662753
21725915
21626953
21786462
21705568
21606250
21526501
22044856
21669998
21598122
21687824
21875468
21821045
21601250
21699820
22345907
21691730
21651167
22589507
21605613
20797204
21797853
21280418
21616725
21954881
21702671
21496773
21634577
21607362
21411253
21931580
21757251
21666070
21698465
21511104
21623743
21395199
22221537
21438274
21666425
22679440
21625339
21581051
21691753
21689857
23161926
21666612
21695312
21207499
21091897
21656655
21594014
21807580
21143643
21645121
21707183
21207366
21681395
21629409
21606876
21410235
21716737
21345499
21211465
21956245
21588715
21737937
21545354
21544281
21561684
20624712
20832185
21583762
21642581
22181689
21628340
21581757
21441606
22241198
21575415
20739273
21587362
21341118
21498144
21701355
21627453
20931304
22223742
21602016
21672065
21391882
21870084
21524934
21659654
21623255
21740065
21731990
23895801
21746213
21699210
21640471
21671181
21818429
21391872
21504383
21073141
21595437
21716622
21332604
21446607
21889170
21547981
21202119
21656065
21606537
21768286
21803150
21718065
21628336
21930822
21836537
21716634
21741458
20788683
21129402
21690662
21748372
21683990
21681654
21518849
21680080
21766574
21644980
21882362
21535926
21791325
21595248
21692691
21913406
21768374
21755926
21506046
20806198
21334374
21538188
21523424
21426253
21738353
21454939
20584519
21797519
21625021
21870725
21570409
21097403
21632552
21729612
21700152
21465281
20637345
21673245
21664628
21499053
20492357
21591088
21494383
21421561
21735352
21920336
20968896
21562251
21455408
21759247
21913727
21585116
21643170
21603808
21607918
21679776
21895170
21656445
21807661
21640581
21178551
22304969
21686954
21809735
21687267
23177719
21699289
21666265
21716784
21487069
21677380
21780381
21615415
21692043
21594373
21626594
21639066
21640486
21840239
21623249
21573274
21548861
21700499
21576176
21535445
21479254
21460420
21482583
21672703
21654210
21626156
21634967
21379475
21684044
21541138
21421708
21458241
21195339
21388860
21401409
21475067
21557394
21418170
21474950
21841090
21586202
21574330
21593684
21502195
21515998
21485435
21463838
21483189
21355790
21594447
21600818
21558593
21544780
21463605
21370192
21458514
21497724
21574816
21488014
21477668
21241985
21423504
21526069
23460164
21533218
21602027
21531744
21514649
21653003
24174260
21489092
20967132
21438748
21539495
21524931
21430899
21610994
21574147
21691064
21825920
21309977
21587178
21384622
21462711
21553792
21453041
21599780
21419865
21428649
21504299
21512232
21371943
21564492
21462942
21044285
21538743
21507394
21336476
21392404
21401066
21411285
21394062
21390689
21321944
21489416
21662108
21639004
21398109
22230983
21458639
21398805
21367981
21402155
21406155
21461959
22843203
21441575
21360032
21586690
21453703
21472832
21509042
21398174
21360038
21410036
21550905
21347175
21528641
21532308
21264886
21575943
21397563
21436256
21311027
21509816
21365459
21460982
21434474
21547860
21209631
23769643
21570788
21443925
21311467
21426690
21443265
21451300
21313435
21735947
21573841
21402980
21458935
21451508
21288739
21632431
21416713
21562416
21315435
21507256
21269490
21651231
21236536
21451886
21249743
21153894
21325986
21423064
20935390
21273773
21427379
21446149
21127722
21206138
21129308
21481432
21311832
21057338
21133061
20950578
20635530
21295920
21349065
21343980
21206695
21421680
21216787
21446788
21261201
21382662
21267099
21156031
20665928
20442714
21327449
21329619
21091481
21283939
21432574
21076688
21526372
20747347
23624989
21095074
21304542
21357086
21166171
23446443
20179887
20403798
20283419
20929558
20254235
20967082
20424862
20784432
21257425
20473911
20898091
21080196
21008785
20503719
20297950
20452417
20318396
20318894
20448252
20698741
20311726
20729142
20500215
21573901
20558581
21368600
21783349
22647980
21037446
20502471
21000477
21093623
21091757
21001952
21216542
20937691
20447968
21103693
21148730
20754809
20832319
21332728
20625053
20921834
21611743
20873793
20992171
21324923
20623857
21122196
20974389
20629654
21357753
21318152
20780480
21353285
20894690
20937806
21329905
21268857
21159367
21290488
20474473
21137901
21123244
21031649
21293473
21185157
21199631
21411935
21366616
21257170
21504598
21461130
21334026
21400061
20620602
21542102
21077314
21200765
21238003
21224301
21096260
21271348
21158584
21438525
20653377
21120433
20409057
21422624
21297120
21050331
21389120
21129268
21518063
21140874
21142070
21435655
21331436
21003931
21153154
21021866
21225709
21408953
20890716
20418618
21290913
21373860
21427590
20521589
21349023
21371847
21303006
21264063
21460639
21606023
21138330
21413891
21130914
21413299
21308044
21216615
21086306
21207783
21028853
21307631
20935931
21437210
21500599
21723117
21679535
21581417
21116320
21561056
21381733
21276173
22253317
23772422
21409365
21240764
21624921
21098763
21551957
21074815
21509651
21327011
21159841
21107898
21449511
21505074
20755641
21447494
20983312
21556141
21455001
21497069
21559971
21009943
21327526
21350214
21374842
21448755
21189144
21532046
21463213
21512916
21425230
21373527
21347914
21236245
21026806
21325253
21096498
21416764
21347817
21395707
21060359
21331785
21839520
20870114
21461077
21611020
21354127
21302352
21495395
21487464
21414005
21162124
21389722
21146287
21141214
21324215
21427397
21196253
21389425
21083770
21214313
21054772
21348343
21122979
